 -4.44541      -12.1058      -17.1419    
 -3.63677      -11.5359      -17.5495    
 -2.69850      -11.3979      -17.0697    
 -2.23206      -11.5843      -16.1520    
 -1.74433      -12.3923      -15.7067    
-0.903337      -13.0032      -16.1621    
-0.568148E-01  -13.7640      -16.6466    
 0.866379      -14.0949      -16.9347    
  1.31434      -14.5367      -16.2910    
  1.88005      -15.0225      -15.6755    
  2.09184      -15.9121      -15.3276    
  1.55814      -16.5419      -15.6206    
 0.681255      -16.3637      -16.1730    
 0.329501      -15.3604      -16.0243    
 0.462935E-01  -14.2256      -15.7601    
 0.473622      -13.1373      -15.8339    
 0.737721      -12.7138      -16.8922    
 0.648834      -12.0100      -17.5682    
 0.292394      -11.1193      -17.7126    
 0.332967      -10.4473      -17.0046    
 0.329336      -10.0963      -16.2373    
 0.902568      -10.0070      -15.3316    
  1.52893      -9.79304      -14.6107    
  1.70107      -9.77159      -13.6613    
  1.80960      -9.51413      -12.6481    
  1.75540      -9.00583      -11.9612    
  1.95609      -8.88636      -10.9148    
  2.04431      -8.62655      -9.90022    
  2.43581      -8.17942      -9.09808    
  3.34053      -7.58086      -8.80324    
  4.36280      -7.38276      -9.21969    
  5.19459      -6.99385      -9.63472    
  6.06056      -6.56147      -9.89393    
  6.85500      -6.16503      -9.60618    
  7.74998      -6.11784      -8.98759    
  8.53369      -6.15550      -8.22836    
  9.47463      -6.32857      -8.16588    
  10.5803      -6.33479      -8.05790    
  11.6014      -5.95022      -8.28380    
  10.9421      -5.30062      -8.52360    
  10.0485      -5.47586      -8.80783    
  9.50904      -6.29618      -9.30079    
  8.75638      -6.87298      -9.36646    
  7.79714      -7.03873      -8.87434    
  6.61518      -7.19391      -8.46274    
  5.82766      -6.84147      -8.82691    
  4.80374      -6.26820      -9.00316    
  3.78715      -6.11361      -8.95963    
  3.37254      -6.59954      -9.77933    
  3.10954      -7.73719      -9.84100    
  3.70979      -8.52611      -10.3743    
  3.14263      -8.64236      -11.0248    
  2.59672      -9.40741      -10.9439    
  1.91573      -10.1714      -11.0372    
 0.841275      -10.0655      -10.6842    
 0.354919E-01  -10.3760      -9.99381    
-0.936370      -10.7773      -9.92553    
 -1.72214      -11.1629      -9.55510    
 -2.46555      -11.9568      -9.64280    
 -2.91863      -12.9126      -9.53365    
 -2.95854      -13.7822      -9.65800    
 -3.08525      -14.8765      -9.90546    
 -3.05985      -15.8351      -9.75942    
 -3.31863      -16.7403      -9.72793    
 -3.36953      -17.6071      -9.03186    
 -3.28296      -18.6617      -9.09461    
 -3.69277      -19.3345      -9.80265    
 -3.52968      -19.0449      -10.6598    
 -3.59891      -18.0112      -10.3848    
 -4.07408      -17.3954      -9.56476    
 -4.38991      -16.4705      -9.33793    
 -3.91885      -15.7162      -9.12199    
 -3.07166      -15.3548      -8.48761    
 -2.27687      -14.7735      -8.76781    
 -2.11143      -13.8614      -9.26670    
 -2.22445      -13.3023      -10.2043    
 -2.45965      -12.3956      -10.7700    
 -2.84157      -11.3924      -10.7450    
 -2.83465      -10.2709      -10.7245    
 -2.44254      -9.37480      -10.5266    
 -1.78038      -8.51257      -10.4209    
 -1.08114      -7.94485      -10.6123    
-0.114082      -7.47443      -11.0805    
 0.163087      -6.54160      -11.1813    
 0.403145      -5.45843      -11.0336    
 0.112198E-01  -4.54191      -10.4767    
-0.730021      -4.20826      -9.80362    
 -1.50041      -4.07819      -9.13153    
 -1.32490      -4.45938      -8.21455    
 -1.14400      -5.51948      -8.29254    
-0.535583      -5.99045      -8.91098    
-0.268814      -5.86102      -9.85080    
-0.936966      -5.79624      -10.8076    
 -1.60067      -5.20942      -11.2250    
 -2.52319      -5.08606      -11.4026    
 -3.35435      -5.45576      -10.8219    
 -3.97408      -5.94613      -9.96183    
 -4.20736      -5.78793      -9.13660    
 -4.40263      -5.45635      -8.20420    
 -4.54817      -4.55230      -7.68598    
 -4.97376      -3.61336      -7.46743    
 -5.75407      -2.84410      -7.43124    
 -6.87905      -2.80957      -7.37921    
 -7.69430      -3.37229      -6.88643    
 -8.79052      -3.10874      -6.83845    
 -9.20497      -2.13341      -7.13559    
 -8.51937      -1.61587      -6.78351    
 -7.62322      -1.90874      -6.59556    
 -6.67661      -2.63343      -6.33544    
 -6.08000      -3.28684      -6.86070    
 -5.75523      -3.87340      -7.54852    
 -5.68043      -3.93554      -8.47022    
 -5.08250      -4.43461      -9.24828    
 -3.85360      -4.75369      -9.09128    
 -3.13181      -5.11472      -9.37917    
 -2.64155      -5.97442      -9.94916    
 -2.04832      -6.53629      -10.6853    
 -1.82150      -7.25799      -11.3437    
 -1.37377      -8.03350      -11.8829    
 -1.31401      -8.80660      -11.6378    
 -1.69508      -9.77920      -11.3666    
 -1.77804      -9.82496      -10.2893    
 -1.26361      -9.86603      -9.30532    
-0.304585      -10.0354      -8.72330    
 0.466331      -10.3474      -9.16374    
  1.00132      -10.9385      -9.99406    
 0.482768      -11.2555      -10.9985    
 0.100861      -10.6654      -11.6627    
-0.438364E-02  -9.93727      -12.2453    
 0.488248      -9.39482      -12.7408    
 0.874804      -9.02292      -13.5429    
  1.17738      -8.54908      -14.4522    
  1.44384      -8.62638      -15.3782    
  1.53739      -9.54461      -15.9508    
  1.60182      -10.6311      -16.2587    
  1.03546      -11.0787      -16.3353    
 0.642347E-01  -11.4689      -16.1840    
-0.781028      -11.6773      -16.4106    
 -1.47035      -12.6099      -16.6174    
 -2.28705      -13.3612      -16.4016    
 -3.05011      -12.8315      -15.9700    
 -4.18769      -12.4326      -15.6569    
 -4.81186      -12.2562      -16.1692    
