 -4.28637      -14.1691      -17.8655    
 -4.04354      -13.2310      -17.6556    
 -3.37714      -13.0307      -16.8947    
 -2.81445      -13.3863      -16.3120    
 -2.05877      -13.8217      -15.8056    
 -1.46419      -14.8510      -15.7248    
-0.450911      -14.9849      -15.3996    
 0.379375      -15.5234      -15.1214    
 0.555159      -15.9343      -14.3143    
-0.248760E-01  -16.4684      -13.5476    
-0.932507      -16.7619      -12.9757    
 -1.87551      -17.0964      -12.3591    
 -2.66930      -17.0923      -12.5020    
 -2.34316      -16.6111      -13.3186    
 -2.04914      -16.0158      -14.0928    
 -1.13875      -15.3961      -14.0739    
-0.166957      -14.8840      -14.2711    
 0.325089      -14.2241      -14.8246    
 0.646381      -13.2838      -15.0459    
 0.365707      -12.3031      -14.9186    
-0.431800      -12.0393      -14.2155    
 -1.18095      -11.9740      -13.5404    
 -1.27179      -11.6408      -12.6978    
-0.997999      -11.7813      -11.7579    
-0.744418E-01  -11.5908      -11.7335    
 0.912999      -11.5332      -12.0179    
  1.71300      -11.1456      -11.5170    
  2.22562      -10.2440      -11.3096    
  2.90277      -9.51566      -11.1871    
  3.61067      -9.07844      -10.5731    
  4.59200      -8.45321      -10.4440    
  5.39086      -7.77260      -10.9380    
  6.24266      -7.20266      -11.3003    
  6.51272      -6.46026      -11.7375    
  7.43631      -6.04448      -11.9467    
  8.26516      -5.87649      -11.3814    
  9.10412      -6.21127      -10.9743    
  9.95860      -6.72485      -10.9905    
  10.7980      -6.72398      -11.3497    
  10.6073      -6.30120      -12.2012    
  9.75830      -6.13903      -12.6225    
  8.81834      -6.35982      -12.2904    
  8.07714      -6.74555      -11.5027    
  7.32844      -6.62744      -10.7313    
  6.58038      -6.24498      -10.5807    
  5.56509      -6.04248      -10.6599    
  4.92273      -6.58183      -11.1680    
  4.40810      -7.49278      -11.5066    
  4.37860      -8.44811      -11.6658    
  4.33908      -9.45637      -11.7943    
  4.33973      -10.3397      -11.2082    
  3.91101      -10.5696      -10.4081    
  3.24896      -10.6427      -9.73391    
  2.67430      -10.7619      -8.81588    
  1.78238      -10.8880      -8.55538    
  1.05120      -11.5001      -8.45258    
 0.404118      -12.3001      -8.57999    
-0.398001      -13.0165      -8.08643    
 -1.02338      -13.9138      -7.79669    
 -2.04104      -14.1711      -8.29280    
 -3.00348      -14.2323      -8.72073    
 -3.59984      -14.6054      -9.53735    
 -3.25751      -14.9182      -10.5222    
 -3.21911      -15.8634      -11.2316    
 -4.03406      -16.5998      -11.3993    
 -4.81299      -17.0357      -10.7284    
 -5.38871      -16.9513      -9.78676    
 -5.84421      -16.2270      -9.45314    
 -5.80184      -15.3784      -9.85631    
 -5.11929      -15.0757      -10.4825    
 -4.10282      -15.2727      -10.3123    
 -3.38083      -16.1033      -9.94846    
 -2.80087      -15.2293      -9.38681    
 -2.33315      -14.4300      -9.47366    
 -1.97255      -13.5180      -9.06097    
 -1.93358      -13.0959      -8.19298    
 -2.39744      -12.4253      -7.42438    
 -2.10125      -11.6835      -6.85300    
 -1.87323      -10.6149      -7.19662    
 -1.04475      -9.95591      -7.51640    
-0.805502      -9.16550      -8.02642    
 0.522180E-01  -8.63452      -8.04247    
-0.317782      -7.81500      -8.38224    
-0.875603      -6.88008      -7.80018    
 -1.83013      -6.74669      -6.99962    
 -2.80544      -6.45266      -6.79997    
 -3.77549      -7.19107      -6.53434    
 -4.42821      -7.97355      -6.55826    
 -4.10709      -8.67288      -5.76854    
 -3.23567      -8.73585      -5.45711    
 -2.54187      -8.42801      -6.22742    
 -2.36913      -8.18356      -7.25716    
 -2.35560      -8.08634      -8.28457    
 -2.24946      -7.43821      -9.23745    
 -2.99555      -6.77068      -9.70379    
 -3.62664      -6.32890      -9.81869    
 -4.35869      -5.65266      -9.54283    
 -4.71084      -5.78320      -8.65343    
 -4.83678      -5.82387      -7.50286    
 -4.75818      -5.68380      -6.71263    
 -4.61106      -5.20696      -5.95208    
 -4.99907      -4.27039      -5.45184    
 -5.26702      -3.46190      -4.75865    
 -5.78626      -2.52930      -5.06759    
 -6.51420      -2.39919      -5.96112    
 -6.75473      -2.74580      -6.88281    
 -7.87919      -2.34769      -7.12773    
 -8.24172      -2.46416      -6.37331    
 -7.69373      -2.92477      -5.73243    
 -6.88219      -3.48133      -5.83039    
 -6.42524      -4.11335      -6.39914    
 -6.07274      -4.90330      -6.77660    
 -5.22764      -4.91261      -7.37543    
 -4.38962      -4.88730      -8.02837    
 -3.73031      -5.72693      -8.60763    
 -3.19815      -6.83105      -8.75552    
 -3.55435      -7.74868      -8.88122    
 -3.11646      -8.69068      -9.27578    
 -2.78215      -9.76773      -9.39559    
 -2.31132      -10.6422      -9.04950    
 -1.58360      -11.0856      -8.86154    
 -1.41104      -11.6157      -8.18224    
-0.416554      -12.0484      -7.81671    
 0.255237      -12.7872      -7.42408    
 0.966843      -12.7041      -7.05028    
  1.88214      -12.4558      -7.16389    
  2.53123      -12.1688      -7.87280    
  2.39867      -12.1250      -8.81166    
  1.78790      -11.8328      -9.84756    
  1.02622      -11.2148      -9.64760    
 0.347555      -10.4345      -9.71977    
 0.146539      -10.2767      -10.6202    
-0.121860      -10.5031      -11.5707    
-0.174068      -10.8339      -12.6598    
 0.413151E-01  -11.6630      -13.2788    
 0.100276      -12.4357      -13.6758    
-0.348616      -12.9839      -14.1940    
-0.392785      -13.4757      -15.0937    
-0.557570      -13.7034      -16.1603    
 -1.12179      -14.0514      -16.8663    
 -1.95438      -14.6779      -16.9524    
 -2.87442      -14.9289      -17.3546    
 -3.63526      -14.8690      -18.0034    
