 -5.67216      -12.4503      -16.3346    
 -4.75356      -11.9584      -16.4733    
 -4.03672      -12.5230      -16.6500    
 -3.39293      -13.4686      -16.5412    
 -2.73084      -14.2712      -16.3693    
 -1.89486      -14.7754      -16.3366    
 -1.02792      -15.1290      -15.7773    
-0.650851E-01  -15.2176      -15.3999    
 0.223575      -15.7901      -14.5488    
-0.371946      -16.0385      -13.5984    
-0.974976      -16.4193      -12.9230    
 -1.75386      -16.8840      -12.6935    
 -2.63921      -17.0065      -13.2085    
 -2.99491      -16.7661      -14.0643    
 -2.73528      -15.9540      -14.7328    
 -1.98878      -15.3748      -14.8332    
 -1.84801      -14.4409      -15.2287    
 -1.59876      -13.7382      -15.9330    
 -1.00593      -13.1505      -16.8779    
-0.585123      -12.3911      -17.2852    
-0.281857      -11.9531      -16.5420    
-0.423815E-01  -12.0270      -15.5408    
 0.199123E-01  -11.9659      -14.6899    
 0.587148      -11.9072      -13.6911    
  1.08656      -11.4876      -13.1742    
  1.80998      -10.6547      -13.4664    
  2.73240      -10.2431      -13.1266    
  2.87157      -9.63462      -12.6687    
  3.42280      -9.22868      -11.8502    
  3.42000      -8.17529      -11.3392    
  3.94573      -7.25179      -11.0175    
  5.01808      -6.66861      -10.9008    
  6.01612      -6.59865      -11.2818    
  6.91282      -6.62237      -11.9359    
  7.92463      -6.52886      -12.2472    
  8.78728      -6.26237      -11.8454    
  9.84677      -6.49772      -11.3366    
  10.6766      -6.30395      -11.7827    
  11.4574      -5.67063      -12.1526    
  11.0308      -5.87251      -13.0129    
  9.97272      -6.67633      -12.8682    
  9.12384      -7.31470      -12.2348    
  8.42862      -7.55721      -11.5420    
  7.83720      -6.86831      -11.0366    
  7.12989      -5.98917      -10.7861    
  6.40846      -5.50181      -11.2515    
  5.77925      -5.88626      -12.2621    
  5.03756      -6.02425      -12.8244    
  4.81463      -6.87966      -12.4940    
  4.81665      -7.91629      -11.9627    
  4.77359      -8.93760      -11.6364    
  4.37768      -9.78836      -11.1928    
  3.77438      -10.1965      -10.5052    
  2.90987      -10.2462      -9.94488    
  1.99471      -10.2568      -9.31537    
  1.03916      -10.6106      -8.93680    
 0.492129      -11.0223      -8.25457    
-0.280125E-01  -11.4749      -7.61491    
-0.952716      -11.7864      -7.34048    
 -1.50953      -12.6731      -7.52579    
 -2.33970      -12.9415      -8.14249    
 -3.02025      -12.6681      -8.69669    
 -3.45360      -13.4182      -9.33889    
 -3.71213      -14.1237      -9.72930    
 -3.88027      -15.0994      -9.73536    
 -4.33529      -16.1301      -10.0707    
 -5.09982      -16.5781      -9.64065    
 -5.57172      -16.2857      -8.81343    
 -6.28791      -15.6918      -8.51172    
 -5.87367      -14.8821      -8.78161    
 -5.09319      -14.6789      -8.98674    
 -4.19382      -14.2215      -8.91901    
 -3.11107      -14.2676      -8.73590    
 -2.14828      -13.8448      -9.00792    
 -1.45057      -13.2010      -8.64615    
 -1.08726      -12.2946      -8.51606    
 -1.07258      -11.2544      -8.17144    
-0.829625      -10.2329      -7.61255    
-0.506269      -9.36684      -7.52926    
-0.496838      -8.54279      -7.64607    
-0.863878      -7.58980      -7.83543    
-0.984234      -6.57222      -7.95414    
 -1.39331      -5.73157      -8.32119    
 -1.98894      -5.37214      -8.82927    
 -2.89591      -5.32600      -8.66133    
 -3.84448      -5.15213      -8.33025    
 -4.29314      -5.60473      -7.73549    
 -4.45574      -5.96735      -6.73590    
 -4.72853      -6.66978      -6.08059    
 -4.14007      -7.21935      -5.65397    
 -3.14450      -7.13148      -5.76787    
 -3.00710      -6.74232      -6.77029    
 -3.30445      -6.90857      -7.78793    
 -3.45130      -7.02695      -8.83955    
 -3.69936      -6.96463      -9.79020    
 -4.37314      -6.66681      -10.0947    
 -5.18649      -6.40686      -10.0469    
 -5.63156      -5.86505      -9.38270    
 -5.53056      -5.06212      -8.52815    
 -5.23413      -4.64317      -7.51937    
 -5.14652      -3.85015      -6.71210    
 -5.74441      -3.04406      -6.71639    
 -6.61007      -2.68863      -7.27918    
 -7.47412      -2.79014      -7.33875    
 -7.85283      -3.57856      -7.96911    
 -8.78712      -3.74250      -7.50403    
 -8.94776      -3.86131      -6.46111    
 -8.65343      -3.70093      -5.54106    
 -8.43375      -2.86878      -5.11338    
 -7.80653      -2.42787      -5.69284    
 -7.28857      -3.12205      -6.16593    
 -6.71950      -4.04867      -6.80231    
 -6.17135      -3.78209      -7.82654    
 -5.67038      -3.69226      -8.62441    
 -4.92329      -4.23189      -9.06695    
 -4.64229      -5.24379      -9.16951    
 -4.63002      -6.41923      -9.08260    
 -4.66333      -7.00412      -8.54996    
 -3.95400      -7.72996      -8.40346    
 -3.32829      -8.43001      -8.51455    
 -2.27292      -8.87027      -8.58917    
 -1.19451      -9.12411      -8.52223    
-0.220673      -9.15559      -8.59064    
 0.664347      -9.64133      -8.61993    
  1.44868      -10.1887      -8.29920    
  2.00558      -10.9176      -8.09492    
  2.38085      -11.7166      -8.45331    
  2.74683      -11.1758      -9.39205    
  1.97271      -10.8981      -10.0358    
  1.66147      -10.6585      -11.1346    
  1.37840      -10.1592      -12.0690    
  1.07784      -9.82790      -13.0514    
 0.995280      -10.0791      -14.0396    
  1.26050      -11.0366      -14.7255    
  1.00096      -11.8229      -15.1121    
 0.597822      -12.4035      -15.5714    
-0.410978      -12.7935      -15.6648    
 -1.46588      -12.8265      -16.0313    
 -2.31737      -12.5643      -16.5323    
 -3.26094      -12.6126      -17.2776    
 -3.88945      -13.2762      -17.7103    
 -4.75737      -13.2282      -17.3204    
 -5.69876      -13.2687      -16.8974    
