 -6.40965      -12.1853      -15.8417    
 -5.41354      -12.0719      -15.8381    
 -4.82571      -12.9138      -15.9446    
 -4.36153      -13.7416      -16.4625    
 -3.42902      -14.3711      -16.5657    
 -2.76212      -14.0809      -15.7955    
 -1.93683      -13.5618      -15.2879    
 -1.53860      -13.5311      -14.2493    
 -1.47369      -13.7981      -13.2683    
 -1.25670      -14.4592      -12.7312    
 -1.14813      -15.5258      -12.2259    
 -1.14989      -16.2619      -12.6499    
 -1.45281      -15.7670      -13.7388    
 -1.78406      -14.8465      -13.9769    
 -2.66385      -14.0936      -14.0517    
 -3.01795      -13.3474      -14.6763    
 -3.00731      -12.7010      -15.6637    
 -2.66099      -12.2183      -16.6542    
 -2.54516      -11.3823      -16.8525    
 -1.94624      -10.6748      -16.8239    
 -1.33652      -10.3605      -16.1035    
 -1.20108      -9.91129      -15.2035    
-0.961816      -10.4287      -14.3733    
-0.647488      -10.1986      -13.4311    
 0.256710      -10.3991      -12.8437    
  1.41945      -10.3714      -12.5215    
  2.44782      -10.0347      -12.0297    
  2.90847      -9.29089      -11.4860    
  3.44378      -8.76132      -10.9751    
  3.90128      -7.99820      -10.4410    
  4.70907      -7.57146      -10.6142    
  5.46968      -7.21493      -11.1240    
  6.29084      -6.93920      -11.5144    
  7.08079      -6.36471      -12.3019    
  8.32671      -5.83833      -12.3859    
  9.20174      -5.69765      -12.3033    
  10.3171      -5.79482      -12.3051    
  10.9599      -5.39378      -12.8379    
  10.4671      -5.61413      -13.6820    
  9.44314      -6.05176      -13.6366    
  9.03062      -6.48653      -12.7824    
  8.46252      -7.10146      -12.0830    
  8.05021      -7.33999      -11.4470    
  6.95701      -7.09026      -11.0185    
  6.71164      -6.04193      -10.7130    
  6.15541      -5.38390      -11.1134    
  5.32931      -5.60231      -11.6065    
  4.91724      -5.77646      -12.2846    
  4.84408      -6.88321      -12.6008    
  4.93862      -7.81397      -12.0844    
  4.69512      -8.33881      -11.2701    
  4.52644      -8.88675      -10.4850    
  4.01917      -9.41348      -9.88543    
  3.02249      -9.21221      -9.54106    
  2.14845      -8.86144      -9.84522    
  1.15555      -9.20565      -8.99631    
 0.148594      -9.66650      -8.85225    
-0.760310      -10.0216      -8.82126    
 -1.83132      -10.0368      -8.63283    
 -2.59399      -10.7441      -8.72606    
 -2.86691      -11.8437      -8.79997    
 -2.94038      -12.7912      -9.28147    
 -3.22737      -13.5440      -9.95871    
 -3.87921      -14.0405      -10.5775    
 -4.57503      -14.6027      -9.64349    
 -5.31171      -14.9926      -9.18337    
 -6.15800      -15.5059      -9.11704    
 -7.18536      -15.4385      -9.37220    
 -6.91231      -14.7034      -9.93905    
 -6.30874      -13.9539      -9.74319    
 -5.38235      -13.8683      -9.25689    
 -4.08550      -13.8935      -8.90286    
 -2.93968      -13.6685      -8.78897    
 -2.18647      -12.9903      -8.82663    
 -1.24561      -12.7893      -9.31231    
-0.966632      -11.9614      -9.92751    
 -1.04309      -10.8827      -9.99097    
 -1.54704      -10.0016      -9.73380    
 -1.70636      -9.18046      -8.89602    
 -1.54495      -8.24634      -8.44912    
 -1.45061      -7.22169      -7.91269    
 -1.36116      -6.14216      -7.85963    
 -1.90948      -5.44872      -7.32459    
 -3.10103      -5.37667      -6.90522    
 -4.11624      -5.36881      -7.27216    
 -5.12820      -5.80795      -7.39249    
 -5.82493      -6.26716      -6.60523    
 -5.77675      -6.97207      -5.98481    
 -4.86413      -7.40726      -5.94623    
 -3.71975      -7.70034      -6.11769    
 -2.90910      -7.20798      -6.59785    
 -2.64555      -6.95892      -7.59117    
 -2.83786      -6.63200      -8.65240    
 -3.12899      -6.43721      -9.57549    
 -4.14611      -6.05882      -9.89826    
 -5.02402      -5.80555      -9.59751    
 -5.56071      -5.49475      -8.84583    
 -5.89765      -4.71687      -8.65138    
 -5.35512      -3.93219      -8.67175    
 -5.37196      -2.84734      -8.88193    
 -5.89512      -2.03627      -8.40522    
 -6.19313      -1.19894      -7.75898    
 -7.14606      -1.28979      -7.05159    
 -7.90258      -2.05434      -7.34113    
 -8.11745      -3.07099      -7.33687    
 -8.24556      -4.15009      -7.03377    
 -8.81127      -4.69056      -6.47701    
 -9.40063      -4.43475      -5.72258    
 -9.47087      -3.66049      -5.43718    
 -9.22647      -2.67846      -5.66999    
 -8.22391      -2.66394      -6.09198    
 -7.46690      -2.64051      -6.67773    
 -6.90371      -2.71406      -7.39578    
 -6.42032      -3.33148      -7.90626    
 -6.55733      -3.27202      -8.90445    
 -5.73484      -3.60995      -9.52847    
 -5.14524      -4.45181      -9.37147    
 -4.56067      -5.23962      -8.92224    
 -4.24669      -6.32560      -8.76232    
 -3.58514      -6.91390      -8.37719    
 -2.71372      -7.67105      -8.68735    
 -1.80970      -7.83921      -8.98167    
-0.746837      -7.85316      -8.87474    
 0.108224      -8.25997      -8.46725    
 0.767098      -8.91638      -8.07670    
  1.53151      -9.64285      -8.41521    
  1.85678      -10.6101      -8.68393    
  2.27455      -10.9145      -9.78049    
  2.42751      -9.98969      -10.4375    
  2.10622      -9.44549      -11.2832    
  1.32951      -9.41204      -11.8996    
 0.759572      -9.10884      -12.7231    
 0.298892      -9.43653      -13.2948    
 0.300582      -10.0369      -14.0790    
 0.376145      -11.0506      -14.5230    
 0.791379E-01  -11.5280      -15.4823    
 -1.13869      -11.4473      -15.7252    
 -2.16352      -11.1766      -15.7099    
 -3.11511      -11.0574      -16.1339    
 -4.14456      -11.5962      -16.5282    
 -4.56254      -12.5955      -16.7688    
 -5.33042      -13.0821      -16.8440    
 -6.26824      -12.6932      -16.6001    
