 -6.97057      -12.1694      -15.2925    
 -6.76933      -11.7103      -14.2808    
 -5.75047      -12.0841      -14.1444    
 -5.11703      -12.8920      -14.0490    
 -4.11989      -13.1546      -14.3107    
 -3.01687      -13.6090      -14.2553    
 -2.16535      -13.9464      -13.4973    
 -1.48457      -14.3191      -12.9512    
-0.978386      -14.5174      -12.1171    
-0.257060      -14.2467      -11.3380    
 0.688711      -14.3730      -11.9557    
 0.989313E-02  -15.0684      -12.4950    
-0.934280      -15.2205      -12.7109    
 -1.85178      -15.4898      -12.6275    
 -2.62541      -14.8607      -12.6469    
 -3.31477      -14.0821      -12.8574    
 -2.91243      -13.3182      -13.1379    
 -2.94116      -12.5811      -13.9836    
 -2.52556      -11.5387      -14.3594    
 -2.48406      -10.4614      -14.6558    
 -2.55603      -9.58744      -13.9061    
 -2.09122      -9.43744      -12.9995    
 -1.38426      -9.25856      -12.3289    
-0.473322      -8.77054      -12.5605    
 0.411575      -8.70016      -12.2822    
  1.31851      -8.29465      -11.7582    
  1.63013      -7.58089      -11.3136    
  2.23214      -7.02031      -11.0252    
  3.29092      -6.85884      -11.0693    
  4.40306      -6.98468      -11.1127    
  5.10923      -7.68967      -11.4704    
  6.14560      -7.77892      -11.5241    
  6.99323      -7.28983      -11.9118    
  7.23741      -6.44406      -12.3880    
  7.86166      -6.27492      -13.1076    
  8.71341      -6.31272      -13.8080    
  9.13153      -6.78219      -14.4890    
  8.84250      -7.33136      -15.3070    
  7.82306      -7.70171      -15.4799    
  7.46630      -7.88651      -14.4828    
  7.87709      -7.53177      -13.5317    
  8.20721      -7.14881      -12.5452    
  8.32861      -6.68370      -11.7785    
  8.16538      -6.29923      -10.6899    
  7.28844      -6.18862      -10.2204    
  6.14917      -6.28198      -10.4089    
  5.41390      -6.24205      -10.8763    
  4.81952      -6.19611      -11.4942    
  4.28702      -6.97776      -12.2920    
  3.40176      -7.45645      -12.4892    
  2.66561      -7.94632      -11.7160    
  1.96581      -8.22009      -10.8596    
  1.30930      -8.23906      -10.0863    
 0.734986      -8.97991      -9.27887    
 0.210705      -9.53298      -9.04452    
-0.427889      -10.1697      -8.70849    
-0.839014      -11.0521      -8.81241    
 -1.92958      -11.4492      -8.48496    
 -2.69849      -11.9469      -8.46371    
 -3.19616      -12.6766      -8.27372    
 -3.91264      -13.4871      -8.29081    
 -4.28835      -14.2771      -8.12523    
 -4.25861      -15.0781      -8.44264    
 -3.64128      -15.7891      -8.78065    
 -3.62646      -16.7655      -8.84067    
 -4.21525      -17.1715      -9.53049    
 -4.95741      -16.8227      -9.74501    
 -5.64704      -16.0179      -9.52275    
 -5.11570      -15.9013      -8.60383    
 -4.37710      -16.1085      -7.97924    
 -3.54084      -15.7303      -7.61465    
 -2.89835      -15.0694      -7.32721    
 -2.94613      -14.1500      -7.78387    
 -2.49066      -13.2438      -8.30434    
 -1.82311      -12.6845      -9.02980    
 -1.41296      -11.8812      -9.32696    
 -1.32926      -11.0918      -9.94860    
 -1.20405      -10.1520      -9.78748    
 -1.23181      -9.19132      -9.29022    
 -1.55389      -8.79925      -8.45263    
 -2.12058      -8.10411      -7.90630    
 -2.81567      -7.39210      -7.54632    
 -3.01633      -6.69002      -7.97071    
 -3.06849      -5.73971      -7.80907    
 -3.64250      -4.79193      -7.55839    
 -4.67971      -5.01658      -7.51119    
 -5.34062      -5.73928      -7.43160    
 -6.04087      -6.27588      -6.83214    
 -6.16520      -7.07550      -6.43462    
 -5.09978      -6.91879      -6.58263    
 -4.57183      -6.58183      -7.33389    
 -3.99207      -6.29094      -8.09434    
 -3.24090      -6.01128      -8.82437    
 -3.16503      -5.00676      -9.55215    
 -3.69621      -4.36645      -9.78412    
 -4.42956      -3.54092      -10.3194    
 -5.34027      -3.95452      -10.1318    
 -6.09951      -4.37389      -9.77605    
 -6.53242      -4.38623      -8.75846    
 -6.82076      -3.79445      -7.99549    
 -6.91025      -3.00040      -7.59952    
 -7.15004      -2.36273      -6.71555    
 -7.85215      -2.11608      -6.16832    
 -8.77741      -2.01440      -6.79123    
 -9.80993      -2.44754      -6.83643    
 -10.3916      -3.26704      -6.99079    
 -10.2334      -4.07252      -6.42611    
 -9.30697      -4.14696      -5.97724    
 -8.62968      -3.81967      -6.34620    
 -7.94441      -3.19744      -6.92357    
 -8.11707      -2.27561      -7.08389    
 -8.14330      -1.49831      -7.76929    
 -7.99647      -1.75656      -8.65922    
 -7.69298      -2.50181      -9.03703    
 -6.81318      -2.88829      -9.32679    
 -6.00546      -3.51072      -9.21518    
 -5.41302      -4.34121      -8.95735    
 -4.56336      -4.66992      -9.15999    
 -4.30402      -5.57242      -9.39608    
 -4.01339      -6.61090      -9.53589    
 -3.35912      -7.29083      -9.21601    
 -2.58300      -7.46665      -8.67546    
 -1.50750      -7.73706      -8.47630    
-0.540913      -7.66017      -7.96056    
 0.565189      -7.55123      -7.50361    
  1.37222      -8.06827      -7.41549    
  1.45251      -9.03113      -7.77290    
  1.23240      -9.77182      -8.63985    
 0.943546      -9.84360      -9.74425    
  1.11586      -9.66463      -10.7328    
 0.356498      -8.79632      -11.0475    
-0.139656E-01  -8.15086      -11.8883    
-0.286750      -7.86631      -13.0474    
-0.798752      -8.58958      -13.6162    
 -1.04642      -9.54916      -13.6636    
 -1.77291      -10.2351      -13.4645    
 -2.61565      -10.8338      -13.1426    
 -3.09473      -11.6642      -13.4937    
 -3.88972      -11.9413      -14.3370    
 -4.68177      -12.1309      -14.5908    
 -5.32721      -12.5277      -15.3359    
 -6.08956      -13.1836      -15.4702    
 -6.91465      -13.1195      -15.5391    
