 -7.07097      -12.2837      -16.9205    
 -6.49646      -12.0788      -16.0989    
 -5.72287      -11.9999      -15.4740    
 -4.97330      -12.2643      -14.8358    
 -4.16049      -12.6844      -14.6633    
 -3.37753      -13.5340      -14.6298    
 -2.27538      -13.5254      -14.5673    
 -1.55431      -12.7088      -14.5175    
-0.633315      -12.7059      -14.8802    
 0.175097      -12.7707      -15.1719    
  1.12526      -13.3627      -15.0181    
 0.925559      -14.2385      -15.1505    
 0.318722E-01  -14.7520      -14.6849    
-0.994187      -14.5692      -14.3299    
 -1.51012      -13.9765      -13.7990    
 -1.92822      -13.0096      -13.6997    
 -2.19948      -11.9360      -13.9454    
 -2.79475      -11.1653      -14.8532    
 -3.08872      -10.2358      -15.1082    
 -3.48248      -9.48734      -14.2839    
 -3.71879      -9.17392      -13.2774    
 -4.07945      -9.14031      -12.3687    
 -3.68444      -8.98023      -11.4518    
 -2.48529      -9.00954      -11.5086    
 -1.34543      -9.10562      -11.6320    
-0.723569      -8.47151      -11.9459    
-0.539792E-01  -7.84929      -11.7281    
 0.876027      -8.18130      -11.7876    
  1.76490      -8.59434      -11.7690    
  2.58803      -8.70698      -11.5564    
  3.38625      -9.08090      -11.1767    
  4.32919      -8.63733      -11.3762    
  5.07381      -8.50396      -11.7222    
  5.95505      -7.83482      -11.7803    
  6.95942      -7.56151      -11.9858    
  8.00576      -7.84742      -12.5060    
  9.06675      -8.02800      -12.3275    
  9.20526      -7.39507      -13.1013    
  8.71915      -6.71642      -13.9431    
  8.04286      -7.00524      -14.4692    
  7.20216      -7.65147      -14.0079    
  7.12610      -8.49814      -13.2881    
  7.13081      -9.48246      -13.1370    
  6.82154      -9.85377      -12.2871    
  6.96655      -9.56672      -11.2778    
  6.17429      -9.19887      -10.6146    
  5.24921      -8.32961      -10.5642    
  4.16567      -8.24104      -10.8361    
  3.66839      -8.08943      -11.6367    
  3.01497      -8.41167      -12.2950    
  2.29033      -9.21671      -12.5800    
  1.39699      -9.53122      -12.5935    
 0.406815      -9.22463      -11.9953    
 0.139162      -8.84940      -11.1104    
-0.424132      -8.90939      -10.0807    
-0.999673      -8.90815      -9.33670    
 -1.66350      -9.54067      -8.82613    
 -2.21166      -10.2813      -8.37776    
 -2.39081      -11.2079      -8.44625    
 -3.01868      -11.9221      -8.24738    
 -3.40326      -12.7458      -8.86296    
 -3.24509      -13.8095      -9.05274    
 -2.73205      -14.7110      -8.78503    
 -2.10698      -15.6701      -8.68741    
 -2.32084      -16.6032      -8.10030    
 -2.60620      -17.4354      -7.33552    
 -3.15439      -17.6885      -6.51976    
 -4.16323      -17.5627      -6.68852    
 -4.62288      -17.3102      -7.49449    
 -4.19600      -16.2554      -7.48126    
 -3.39125      -15.3730      -7.26092    
 -2.61940      -14.9585      -7.80617    
 -1.64436      -14.6295      -8.01428    
 -1.91681      -13.7374      -8.59287    
 -1.98079      -12.7064      -8.98131    
 -1.80407      -11.4052      -9.42022    
 -2.47500      -10.5996      -9.33556    
 -3.10438      -9.78326      -9.23068    
 -3.01679      -9.05305      -8.39567    
 -3.05341      -8.12018      -7.90823    
 -3.62562      -7.42921      -7.64778    
 -4.01730      -6.59914      -7.14866    
 -4.47730      -5.85412      -6.83482    
 -5.42513      -5.29372      -6.93121    
 -6.33582      -4.86199      -7.49728    
 -7.07647      -5.28530      -8.09615    
 -7.31868      -6.01889      -8.84010    
 -7.35975      -7.09512      -8.85082    
 -6.78962      -7.92532      -9.09549    
 -6.04419      -8.36861      -8.67546    
 -5.14650      -7.95695      -8.75706    
 -4.47128      -7.08418      -8.70150    
 -3.93576      -6.03349      -8.76148    
 -3.46542      -5.47953      -9.62728    
 -4.11639      -5.22153      -10.4929    
 -4.95926      -4.30551      -10.6066    
 -5.78184      -3.78978      -10.1860    
 -5.98681      -3.96846      -9.17065    
 -6.31963      -3.33088      -8.28618    
 -6.53786      -2.79032      -7.64793    
 -7.23873      -2.29020      -7.26024    
 -8.23548      -2.59019      -6.91114    
 -8.84473      -2.05460      -6.22502    
 -9.59942      -2.47112      -5.66893    
 -9.74088      -3.23912      -5.08813    
 -9.16005      -3.86453      -4.49141    
 -8.50793      -4.06397      -5.41504    
 -8.06002      -4.65196      -6.25008    
 -7.63436      -5.04807      -7.11984    
 -7.70492      -4.87641      -8.06107    
 -8.23389      -4.55147      -8.84842    
 -7.88936      -3.66140      -9.39489    
 -7.37346      -2.83301      -9.67245    
 -6.64775      -2.14755      -9.40704    
 -5.65570      -2.08602      -9.21777    
 -4.79823      -2.44588      -8.94544    
 -4.28180      -3.44247      -9.05465    
 -4.55615      -4.43581      -9.44404    
 -4.72557      -5.54114      -9.41068    
 -4.44126      -6.60849      -9.83728    
 -3.56874      -7.09383      -9.63076    
 -2.99355      -7.60732      -8.90538    
 -1.95789      -7.60886      -8.21356    
 -1.34907      -7.80263      -7.65626    
-0.307506      -8.25438      -7.78730    
 0.224208E-01  -8.88568      -8.44141    
 0.156759E-01  -9.57871      -8.98340    
-0.316527      -10.4228      -9.59869    
-0.267012      -10.3055      -10.5697    
-0.498814      -9.51616      -11.1181    
-0.987317      -8.53133      -10.9829    
 -1.29431      -7.87843      -11.6079    
 -1.97508      -7.34636      -12.0244    
 -2.69217      -7.73714      -12.4462    
 -2.95179      -8.72056      -12.7266    
 -2.71375      -9.65604      -13.0302    
 -3.11008      -10.5962      -13.3562    
 -3.55221      -10.9485      -14.1022    
 -3.76618      -11.7604      -14.5435    
 -4.03490      -11.9160      -15.6721    
 -4.75178      -12.1539      -16.4893    
 -5.16826      -12.5048      -17.1940    
 -6.19525      -12.7885      -17.4939    
