 -4.48044      -15.9859      -17.8101    
 -4.94849      -15.1872      -17.7996    
 -4.70639      -14.7789      -16.8577    
 -4.42592      -14.8344      -15.8209    
 -3.62596      -15.1161      -14.9915    
 -2.95361      -14.6051      -14.3272    
 -2.34125      -14.2215      -13.6641    
 -1.66077      -13.8062      -12.8985    
-0.908823      -13.8476      -12.4457    
-0.234988E-01  -13.5914      -12.1229    
 0.440463      -14.0934      -12.8567    
-0.299099      -14.8447      -12.7433    
 -1.24851      -14.9868      -12.6661    
 -2.09706      -14.4629      -12.4238    
 -2.84449      -13.7349      -12.7948    
 -2.97310      -12.7973      -13.7176    
 -3.45981      -12.4702      -14.7603    
 -3.75910      -12.2974      -15.6202    
 -3.45792      -11.4248      -15.9611    
 -3.08785      -10.6160      -15.4300    
 -2.88578      -10.2156      -14.7094    
 -2.75728      -10.1191      -13.6091    
 -2.06550      -10.5439      -12.8203    
 -1.21069      -11.2229      -12.9100    
-0.293008      -11.0422      -13.2363    
 0.406681      -10.6615      -13.5301    
  1.17187      -10.0287      -13.0475    
  1.72133      -9.20964      -12.6040    
  1.87680      -8.54577      -12.0423    
  2.62119      -8.41683      -11.2399    
  3.43595      -8.45755      -11.1233    
  4.27495      -8.57122      -10.6876    
  5.09888      -9.29359      -10.9416    
  6.06704      -9.29621      -10.8232    
  7.02498      -9.22481      -10.7075    
  7.95010      -9.45016      -10.6811    
  8.97078      -9.86531      -10.7006    
  9.80690      -10.1833      -11.1484    
  10.5562      -9.65860      -11.8004    
  10.0128      -8.99337      -12.3002    
  9.05852      -9.03863      -12.4836    
  8.49389      -9.81976      -11.5902    
  7.98369      -10.5046      -10.8274    
  7.13077      -10.3021      -10.0884    
  6.31930      -9.78105      -9.52439    
  5.90086      -9.03296      -9.61021    
  5.38960      -8.21929      -10.2589    
  4.88285      -7.78939      -10.9642    
  4.66789      -8.17576      -11.8647    
  4.43242      -9.00015      -12.3919    
  3.82375      -9.76983      -12.1660    
  2.91415      -10.0544      -11.8934    
  2.08131      -10.1582      -11.7224    
  1.34519      -9.56944      -11.5232    
 0.298032      -9.36532      -11.1346    
-0.509848      -9.74079      -11.0241    
 -1.36187      -10.0365      -10.5172    
 -2.15570      -10.3765      -9.86340    
 -3.16177      -10.2881      -9.48377    
 -3.74990      -10.8088      -8.64974    
 -4.55603      -11.5510      -8.53171    
 -4.56314      -12.6512      -8.42387    
 -3.88200      -13.3013      -7.99142    
 -3.12597      -13.7592      -8.41258    
 -2.42399      -14.4169      -8.43491    
 -1.69003      -15.2377      -8.31724    
 -1.39614      -16.2759      -8.69636    
 -2.23278      -16.5708      -8.00475    
 -2.97409      -16.0153      -7.40723    
 -3.16702      -15.0473      -6.97811    
 -2.82160      -14.1154      -6.56551    
 -3.16611      -13.1660      -6.64604    
 -3.55272      -12.5987      -7.18255    
 -3.43672      -12.0915      -8.18823    
 -3.35979      -11.8456      -9.23546    
 -3.46671      -11.1744      -9.96414    
 -3.19946      -10.6444      -10.7170    
 -3.09445      -9.75570      -11.2199    
 -2.65151      -9.19850      -10.4506    
 -2.99719      -8.75431      -9.64737    
 -3.75301      -8.13682      -9.19645    
 -3.98514      -7.33670      -8.47427    
 -4.54139      -6.44255      -8.88684    
 -5.08380      -5.99987      -9.53244    
 -5.26879      -5.81724      -10.4275    
 -4.74907      -6.64789      -11.0527    
 -3.95779      -7.25964      -11.0067    
 -4.03692      -7.21122      -9.85605    
 -3.30990      -6.81008      -8.95844    
 -2.45646      -6.50918      -8.46804    
 -1.78290      -5.80208      -8.22563    
 -1.64081      -4.89229      -8.50044    
 -2.19051      -4.07340      -8.81506    
 -2.92784      -3.76089      -9.12591    
 -3.69116      -3.98506      -9.79480    
 -4.65546      -3.88076      -10.3536    
 -5.64203      -3.90735      -10.0765    
 -6.05224      -4.27444      -9.19020    
 -6.16081      -4.76361      -8.22390    
 -6.89599      -5.46066      -7.96496    
 -7.71810      -5.85654      -7.57908    
 -8.67725      -5.30148      -7.84010    
 -9.55702      -4.98415      -8.51798    
 -10.2895      -4.17891      -8.25654    
 -10.6056      -3.49730      -7.49979    
 -10.5819      -4.13245      -6.82143    
 -10.0626      -4.91175      -7.13816    
 -9.98268      -5.86349      -7.20535    
 -9.60135      -6.42319      -7.75994    
 -8.76869      -6.43171      -8.54898    
 -8.16505      -5.92628      -9.08445    
 -7.68423      -5.19074      -9.39278    
 -7.06957      -4.33921      -9.00331    
 -6.49234      -3.58464      -8.79035    
 -5.32295      -3.42006      -8.92648    
 -4.45239      -3.76968      -8.78033    
 -4.01321      -4.80102      -8.84820    
 -3.05168      -4.99689      -9.49897    
 -2.57831      -5.70128      -10.2993    
 -2.32515      -6.70892      -10.3224    
 -1.65633      -7.51684      -9.99070    
 -1.43596      -8.43833      -9.63427    
 -1.69499      -9.46870      -9.35721    
 -1.52926      -10.1635      -8.51801    
 -1.94748      -11.1025      -8.17177    
 -1.07856      -11.8091      -8.17229    
-0.225501      -11.6897      -8.48290    
 0.375911      -11.4296      -9.25254    
 0.887349      -11.1890      -10.1883    
 0.366095      -10.9887      -10.9095    
 0.663502E-01  -10.8823      -11.6672    
-0.101829      -10.1906      -12.6441    
-0.728035      -10.0036      -13.5910    
 -1.61423      -10.2843      -14.1281    
 -2.35350      -10.7046      -14.2122    
 -3.22591      -11.3402      -14.0239    
 -4.21481      -11.7995      -14.0245    
 -4.17084      -12.9369      -13.8911    
 -3.81384      -13.3109      -14.5287    
 -3.54188      -14.0390      -15.3771    
 -3.32735      -14.9282      -15.9719    
 -2.97992      -15.6264      -16.6668    
 -3.66834      -16.1332      -17.2271    
