 -3.88861      -16.1415      -17.3449    
 -4.98779      -15.6814      -17.3108    
 -5.33284      -15.1895      -16.6786    
 -4.61672      -14.4667      -15.9319    
 -3.91001      -14.2078      -15.2765    
 -2.76172      -13.9000      -15.0559    
 -1.88653      -13.4887      -14.7417    
-0.981568      -13.2686      -14.0627    
-0.423363      -13.7916      -13.5845    
 0.334701      -14.0746      -12.9939    
-0.276947      -14.5258      -12.3244    
-0.864550      -15.1319      -11.8857    
 -1.81597      -14.8819      -12.2771    
 -1.65472      -14.3113      -13.1272    
 -2.17165      -13.6785      -13.6349    
 -2.64944      -13.0475      -14.2157    
 -3.25000      -12.5881      -15.0722    
 -2.98894      -11.8146      -15.5572    
 -3.02840      -10.8056      -15.5594    
 -3.17009      -9.60344      -15.3271    
 -2.78841      -9.43552      -14.6245    
 -2.69820      -10.3327      -13.8934    
 -2.15169      -11.1353      -13.4842    
 -1.55754      -11.9434      -13.4236    
-0.939083      -12.1625      -13.0603    
-0.331423E-01  -11.7396      -12.6759    
 0.725766      -11.1142      -12.5818    
  1.00841      -10.2516      -12.5635    
  1.38475      -9.37127      -12.0495    
  1.97678      -8.86308      -11.5537    
  2.65530      -9.30981      -10.9355    
  3.51901      -9.50618      -10.4957    
  4.55569      -9.57540      -10.7793    
  5.36029      -9.87154      -11.3196    
  6.34989      -10.0006      -11.4992    
  6.95766      -10.5493      -11.0612    
  7.87337      -11.1014      -10.6638    
  8.78547      -11.1361      -10.3062    
  9.43802      -11.0382      -10.8582    
  9.79614      -10.3218      -11.5489    
  8.87780      -10.2667      -11.8627    
  7.99836      -10.6640      -12.0391    
  7.28424      -11.3692      -12.0499    
  6.51458      -11.5667      -11.6481    
  5.77006      -10.9048      -10.9617    
  5.46995      -10.0663      -10.3444    
  5.56630      -9.19067      -9.55801    
  4.72574      -8.82672      -9.88867    
  4.03345      -8.78063      -10.4368    
  3.79303      -9.10860      -11.3958    
  2.87203      -9.81476      -11.7316    
  2.03222      -10.1791      -11.3447    
  1.08487      -10.5694      -11.0759    
 0.462921      -9.70620      -11.0126    
-0.542374      -9.26055      -10.8345    
 -1.36588      -9.57357      -10.1968    
 -2.04047      -10.1655      -9.77429    
 -2.97841      -10.6091      -9.44966    
 -3.86778      -10.9999      -9.10704    
 -4.62740      -11.6897      -8.64880    
 -5.20568      -12.5371      -8.45629    
 -4.55459      -13.4472      -8.51695    
 -4.29100      -14.2789      -8.37453    
 -3.48103      -15.0681      -8.58891    
 -2.85967      -15.6520      -9.26545    
 -2.90492      -16.4047      -9.80148    
 -3.45635      -16.8793      -9.13941    
 -3.79168      -17.0723      -8.23686    
 -3.81261      -16.8579      -7.31827    
 -3.64460      -16.1464      -6.64644    
 -3.91146      -15.1863      -6.79401    
 -3.67567      -14.4034      -7.47172    
 -3.57536      -13.6985      -8.25452    
 -3.38930      -12.8989      -8.78934    
 -3.40586      -12.0825      -9.15497    
 -3.59984      -11.4350      -10.0535    
 -3.44679      -10.9434      -10.8161    
 -3.46202      -9.94436      -10.4628    
 -3.21829      -8.92940      -9.95920    
 -3.24843      -8.50646      -9.14750    
 -3.55213      -7.97616      -8.54675    
 -4.47364      -7.74272      -7.98677    
 -4.87719      -7.19657      -8.12241    
 -5.86452      -6.94179      -8.39431    
 -6.22925      -7.27153      -9.33655    
 -5.82233      -7.72617      -9.91897    
 -4.77089      -7.61272      -10.0991    
 -3.96659      -7.80516      -9.60033    
 -3.06294      -7.14276      -9.10643    
 -2.37797      -6.39220      -8.63686    
 -2.03311      -5.56291      -8.23994    
 -2.09626      -4.69895      -8.56569    
 -2.54159      -4.25709      -9.21990    
 -3.14360      -3.97907      -9.89551    
 -4.14890      -4.15068      -9.83213    
 -4.80445      -4.59590      -9.69607    
 -5.63805      -4.65721      -8.98641    
 -5.85037      -4.60511      -8.03931    
 -6.38539      -4.09934      -7.32373    
 -6.72193      -4.12609      -6.49430    
 -7.59215      -4.45205      -6.56181    
 -8.27732      -5.01901      -7.12207    
 -8.95301      -5.35083      -7.60078    
 -9.71348      -4.98089      -7.85500    
 -10.3215      -4.38733      -8.11711    
 -11.2741      -4.82736      -7.79025    
 -11.0106      -5.62730      -7.50014    
 -10.4430      -6.29224      -7.19720    
 -9.43119      -6.87521      -7.16815    
 -8.54805      -6.93077      -7.43993    
 -7.75224      -6.21478      -7.28995    
 -7.73473      -5.14923      -7.56802    
 -7.62126      -4.53237      -8.14303    
 -6.66572      -3.94260      -8.43580    
 -5.85295      -3.64976      -8.33694    
 -4.85862      -4.09072      -8.40678    
 -4.12187      -4.58961      -9.05657    
 -3.38938      -5.20728      -9.36450    
 -2.41648      -5.74323      -9.49167    
 -1.52185      -6.28057      -9.72082    
-0.565586      -6.82210      -9.69438    
-0.236939      -7.62485      -9.53950    
-0.557326      -8.61720      -9.61166    
-0.942536      -9.52785      -9.08414    
 -1.20027      -10.6188      -8.84152    
-0.759245      -11.5813      -8.76668    
-0.567342E-01  -12.4424      -9.14205    
 0.296252      -12.0068      -10.0168    
-0.208980      -11.2590      -10.2640    
-0.417549      -10.6144      -11.1471    
-0.772360      -10.9684      -12.1812    
-0.838217      -10.5133      -13.0682    
 -1.23857      -10.5173      -13.8506    
 -1.96849      -10.5864      -14.5844    
 -3.12612      -10.3602      -14.6928    
 -3.88110      -10.9779      -15.1022    
 -4.10107      -11.6021      -15.6333    
 -3.83815      -12.5035      -16.0648    
 -3.58607      -13.6112      -16.3426    
 -3.29734      -14.5680      -16.1467    
 -3.14100      -15.3782      -15.6324    
 -2.86754      -16.2260      -16.1165    
 -3.06854      -16.5476      -16.6989    
