 -4.55886      -18.4302      -17.1565    
 -4.91497      -17.7963      -16.5371    
 -4.61435      -17.3214      -15.6108    
 -3.61953      -17.4255      -15.3347    
 -2.63878      -17.4275      -14.7581    
 -2.20830      -16.4338      -14.2054    
 -1.47131      -15.8265      -13.7870    
 -1.35347      -15.0594      -13.0763    
 -1.03378      -14.8382      -12.1333    
-0.357554      -14.7127      -11.2762    
-0.679090E-01  -15.1749      -10.4115    
-0.462491      -16.0624      -10.2529    
 -1.27367      -16.1289      -10.7915    
 -1.63326      -15.9655      -11.7328    
 -2.04042      -15.5864      -12.5976    
 -2.60279      -15.4575      -13.4479    
 -2.55460      -15.1313      -14.4326    
 -2.47912      -14.9711      -15.5228    
 -2.56404      -14.6018      -16.4764    
 -2.41444      -14.2110      -17.3758    
 -2.40583      -13.6077      -18.1063    
 -2.31578      -12.4405      -17.6947    
 -2.07287      -11.4141      -17.2068    
 -1.82885      -11.4374      -16.2272    
 -1.65425      -11.3374      -15.2622    
-0.665229      -11.4692      -14.7700    
 0.293384      -11.2050      -14.3737    
  1.24832      -11.0433      -13.8393    
  1.76910      -11.0196      -13.1212    
  2.18581      -10.7289      -12.2259    
  3.07570      -11.2096      -11.7018    
  4.21134      -11.1312      -11.7149    
  5.21210      -10.7604      -11.4911    
  6.36631      -10.4744      -11.5984    
  7.57662      -10.6447      -11.7021    
  8.48074      -11.4005      -11.5239    
  9.36678      -12.2410      -11.5746    
  10.1432      -12.8424      -12.1383    
  11.0396      -12.7669      -12.6212    
  11.1644      -11.9010      -12.9184    
  10.5609      -11.1888      -12.6655    
  9.50319      -11.0338      -12.1941    
  8.87644      -11.6912      -12.5001    
  7.88367      -12.0850      -12.0683    
  7.15187      -12.2123      -11.4927    
  6.41668      -11.8572      -10.7997    
  5.44541      -11.6446      -10.2413    
  4.59884      -10.9251      -10.2837    
  4.04639      -9.99479      -10.6521    
  3.95113      -10.0485      -11.7030    
  3.64839      -10.2300      -12.5647    
  3.17184      -10.9763      -13.0337    
  2.64560      -11.7654      -12.4266    
  1.82635      -12.0198      -11.9879    
  1.36940      -11.4876      -11.3514    
 0.770075      -11.0929      -10.7579    
-0.120425      -10.8528      -10.2213    
 -1.19545      -11.2785      -10.3370    
 -2.19255      -11.6068      -10.3407    
 -2.77483      -11.6401      -9.46956    
 -3.38995      -12.2627      -9.11586    
 -4.01694      -12.9758      -8.70729    
 -3.68562      -13.9031      -8.57404    
 -2.73133      -14.5699      -8.52526    
 -2.22528      -15.6036      -8.92273    
 -1.43389      -16.3362      -8.85888    
 -1.08165      -17.2469      -9.10042    
 -1.47004      -18.0569      -8.88143    
 -2.00218      -18.0736      -8.16149    
 -2.12388      -17.2148      -7.54243    
 -1.93360      -16.1656      -7.74881    
 -1.51832      -15.5510      -8.37397    
 -1.56915      -14.7381      -9.10489    
 -1.79802      -13.8968      -9.67057    
 -2.41035      -13.4401      -10.2294    
 -2.54378      -12.4272      -10.7844    
 -2.96062      -11.3776      -10.6761    
 -3.79415      -10.8099      -10.3807    
 -4.37610      -10.0549      -10.1887    
 -4.88176      -9.36920      -9.65398    
 -5.63957      -8.81259      -9.63400    
 -6.48304      -8.23513      -9.21862    
 -7.21821      -7.81838      -9.99112    
 -7.00913      -7.59008      -11.1211    
 -6.57459      -7.77986      -11.9119    
 -5.41285      -7.94226      -12.1523    
 -4.69648      -8.39444      -11.6467    
 -4.10010      -8.71130      -10.6813    
 -3.70541      -8.41344      -9.64932    
 -3.51792      -7.91955      -8.68808    
 -3.14059      -7.12085      -8.16599    
 -3.28611      -6.32593      -7.59567    
 -3.27639      -5.76466      -8.47556    
 -3.11406      -5.48189      -9.59697    
 -4.03376      -5.29776      -9.97468    
 -4.80907      -5.62737      -10.3176    
 -5.39971      -6.12373      -10.0189    
 -6.00479      -6.73801      -9.50007    
 -5.95342      -7.14740      -8.47658    
 -6.35031      -7.26352      -7.55310    
 -7.07036      -7.39865      -7.02059    
 -7.74878      -7.61263      -6.51391    
 -8.75065      -7.37203      -6.87839    
 -9.16997      -6.99245      -7.66403    
 -9.76724      -6.73240      -8.46355    
 -10.5122      -6.09473      -8.31264    
 -10.7497      -6.22677      -7.50917    
 -10.7698      -6.94570      -7.00141    
 -10.5544      -7.70166      -7.24079    
 -10.1046      -8.58664      -7.50864    
 -9.03656      -8.23608      -7.41078    
 -8.20058      -7.86245      -7.61607    
 -7.93590      -6.99233      -7.87986    
 -6.96410      -6.36980      -8.17347    
 -6.21311      -6.03635      -8.26800    
 -5.30183      -6.29035      -8.46767    
 -4.43139      -6.61062      -8.95227    
 -3.68349      -6.85254      -9.57725    
 -2.88715      -7.50539      -10.1672    
 -2.58315      -8.39847      -10.2972    
 -2.51002      -9.37017      -9.73626    
 -2.27031      -10.0855      -9.28988    
 -2.09733      -10.9786      -9.46388    
 -1.81233      -12.0560      -9.63895    
 -1.52632      -12.6769      -10.3298    
 -1.23439      -13.2729      -10.9505    
-0.822068      -13.1616      -12.0174    
-0.212594      -12.8544      -12.7578    
 0.132966      -11.7865      -12.9663    
 0.136637      -10.6786      -13.1512    
-0.487703      -10.2670      -13.9042    
-0.546484      -10.4897      -15.0287    
-0.340548      -11.1247      -15.9553    
-0.989222      -11.7661      -16.4079    
 -1.87709      -12.5159      -16.5907    
 -2.67503      -12.8689      -16.1387    
 -3.48500      -13.6914      -15.9533    
 -3.74354      -14.6328      -15.5673    
 -3.42938      -15.4043      -16.1197    
 -2.87940      -16.2361      -16.2642    
 -2.59789      -17.2057      -16.1267    
 -2.82122      -18.1870      -16.5016    
 -3.69380      -18.6980      -17.0716    
