 -5.46735      -15.9371      -15.4798    
 -5.18905      -16.0478      -14.3958    
 -4.26005      -15.9741      -14.1633    
 -3.43686      -16.1100      -14.6727    
 -2.76567      -16.8222      -15.0504    
 -2.15828      -17.2997      -14.5322    
 -1.58309      -17.8601      -13.7897    
-0.733697      -17.3107      -13.4508    
-0.170148      -16.5415      -13.0606    
-0.151941      -15.8102      -12.2816    
-0.706108      -15.1824      -11.5051    
 -1.16081      -15.0528      -10.5212    
 -1.20827      -15.6478      -9.81787    
-0.654351      -16.1694      -10.3661    
-0.714701      -16.3247      -11.4146    
 -1.18077      -16.0724      -12.2202    
 -1.52727      -16.1461      -13.1782    
 -1.82981      -15.9904      -14.1879    
 -2.28221      -15.7682      -15.0949    
 -2.24030      -15.2522      -16.0317    
 -2.39087      -15.0156      -16.8764    
 -2.06438      -14.3529      -17.3729    
 -1.51155      -13.5149      -17.4291    
-0.667650      -12.6234      -17.1085    
 0.656584E-01  -12.1034      -16.5428    
 0.838838      -11.3041      -16.2435    
  1.51030      -10.5406      -15.7393    
  1.85112      -10.3188      -14.8111    
  2.41193      -10.2182      -13.9601    
  2.90958      -9.95492      -13.1235    
  4.01711      -10.1898      -12.7782    
  5.06422      -10.2598      -12.7948    
  5.91320      -9.68250      -12.6057    
  6.68849      -9.92370      -11.9576    
  7.08292      -10.6168      -11.4157    
  7.23825      -11.5649      -10.9616    
  7.26785      -12.4701      -11.2672    
  7.59394      -13.3482      -11.2934    
  8.10031      -13.9404      -11.7418    
  8.69294      -14.2447      -12.4012    
  9.76975      -14.0534      -12.4789    
  10.2797      -13.3105      -12.4336    
  9.55185      -13.1233      -11.7012    
  8.64046      -12.9789      -11.7771    
  7.98971      -12.4753      -12.4750    
  7.54214      -11.6601      -12.8212    
  6.84292      -11.1757      -12.7233    
  6.14002      -10.8655      -12.1259    
  5.75098      -10.5707      -11.1974    
  5.16058      -9.87997      -10.9824    
  4.38384      -9.55067      -11.3354    
  4.39890      -9.10540      -12.3805    
  4.00382      -8.70832      -13.3319    
  3.51663      -9.51540      -14.1548    
  2.97510      -10.1749      -14.8675    
  2.52473      -10.8612      -15.1664    
  1.54413      -11.2605      -14.9362    
 0.527181      -11.2221      -14.6285    
-0.162974      -10.5923      -14.0741    
-0.561241      -10.6607      -13.0530    
-0.583529      -11.0726      -12.2266    
-0.901258      -11.7398      -11.5302    
 -1.14042      -12.8439      -11.3515    
 -1.59732      -13.6287      -11.2668    
 -2.39723      -13.9193      -11.3205    
 -3.31712      -13.6350      -11.1092    
 -3.04069      -13.1122      -10.2765    
 -2.52125      -12.5116      -9.61858    
 -1.69943      -12.0658      -9.46513    
-0.543690      -12.1005      -9.58287    
 0.248799      -11.4326      -9.81343    
 0.311669      -11.3832      -10.7449    
 0.805088      -11.8904      -11.5077    
 0.858041E-01  -12.4225      -12.2246    
-0.832686      -12.3741      -12.5179    
 -2.07472      -12.2150      -12.7712    
 -2.57503      -11.3964      -13.1079    
 -3.15028      -10.4813      -12.8492    
 -3.24939      -9.53783      -13.1728    
 -2.91042      -8.64446      -13.8092    
 -2.70311      -7.88906      -14.2931    
 -2.47905      -7.62362      -15.0684    
 -2.97133      -7.84844      -15.9901    
 -3.42473      -8.62369      -15.7881    
 -3.53910      -9.10262      -14.8373    
 -2.53946      -9.04999      -14.3011    
 -2.14310      -9.54724      -13.5002    
 -1.66204      -9.88504      -12.4329    
 -1.47444      -9.84324      -11.5027    
-0.790023      -10.5147      -10.7893    
-0.621515      -10.5158      -9.84391    
-0.669341      -9.72723      -9.01892    
-0.249856      -8.87308      -8.65299    
-0.872595      -8.08082      -8.32785    
 -1.85122      -7.68256      -8.44336    
 -2.74420      -7.40843      -8.43731    
 -3.57108      -7.42668      -8.61198    
 -4.53548      -7.54490      -8.59539    
 -5.36017      -6.84423      -8.06151    
 -5.65308      -6.12142      -7.47907    
 -6.27387      -5.40170      -7.51594    
 -6.94973      -4.93164      -8.20897    
 -7.71322      -4.44294      -8.98990    
 -8.25903      -5.24819      -9.50645    
 -8.54470      -6.29626      -9.23494    
 -9.19452      -6.89375      -8.83270    
 -10.1088      -6.97365      -8.20430    
 -10.1407      -6.08624      -7.61333    
 -9.72522      -5.16544      -7.67196    
 -8.79493      -5.30685      -8.14400    
 -7.83917      -5.76248      -8.34936    
 -7.10218      -5.98396      -8.90268    
 -6.27811      -5.94777      -9.15616    
 -5.15952      -5.66873      -9.17566    
 -4.39738      -6.21478      -8.72533    
 -4.26602      -6.81794      -7.93320    
 -4.00471      -7.51418      -7.33135    
 -3.26417      -8.36526      -7.09506    
 -2.57708      -8.53820      -7.59823    
 -1.84126      -8.91866      -8.27452    
 -1.46490      -8.89224      -9.08875    
 -1.10326      -8.81068      -10.0102    
 -1.07541      -8.68113      -11.0938    
-0.592259      -8.99391      -11.7179    
 0.134476      -9.62056      -12.2799    
 0.237870      -10.5007      -12.6503    
 0.474072      -11.4268      -12.9278    
-0.201343      -11.8178      -13.6822    
 -1.08702      -11.5055      -14.5821    
 -1.39119      -10.7593      -15.5808    
 -1.75693      -10.7937      -16.5721    
 -1.78199      -11.3286      -17.4637    
 -1.01749      -11.6822      -17.9863    
-0.764769E-01  -11.9699      -18.1651    
 0.306996      -12.8283      -17.7248    
 0.268016      -13.3123      -16.8721    
 0.103432      -14.3614      -16.1901    
-0.811872      -14.4371      -15.5728    
 -1.42047      -14.6718      -14.8657    
 -2.51789      -14.6973      -14.9475    
 -3.27425      -15.1737      -15.0176    
 -3.93695      -15.8548      -15.3062    
 -4.83837      -16.4039      -16.0345    
