 -4.66357      -15.4793      -14.1956    
 -5.05103      -14.4028      -14.2845    
 -4.11185      -14.2091      -13.7088    
 -3.33629      -14.7231      -13.3989    
 -2.54805      -15.3688      -13.0452    
 -1.92603      -16.0138      -13.1339    
 -1.58606      -16.9647      -13.3694    
 -1.16458      -17.5162      -13.8551    
-0.876909      -18.4293      -14.0629    
 0.619619E-02  -18.8688      -13.6138    
 0.787470      -19.3627      -13.0437    
 0.376189      -19.1054      -12.1446    
 0.826139E-01  -19.0939      -11.2338    
-0.689423      -19.7355      -10.8197    
 -1.04739      -19.6061      -11.6738    
-0.872138      -18.7993      -12.1094    
-0.908586      -17.8674      -12.3150    
-0.894987      -16.9090      -13.0135    
-0.449867      -16.5047      -13.7508    
-0.127283      -16.4225      -14.5338    
 0.127142      -15.8285      -15.1771    
 0.813004      -15.1600      -15.5119    
  1.57506      -14.4229      -15.7483    
  2.23966      -13.8791      -15.7924    
  2.77808      -13.1701      -15.8717    
  3.57497      -12.7663      -16.3897    
  4.54709      -11.9865      -16.5413    
  4.76255      -11.0149      -16.0618    
  4.69832      -10.2334      -16.6461    
  5.02707      -9.10919      -16.3930    
  4.91126      -8.16398      -15.9839    
  5.82503      -8.17806      -15.3341    
  6.66854      -8.26680      -14.7059    
  7.26699      -8.90350      -14.0173    
  7.55540      -9.58533      -13.4514    
  8.22958      -10.5341      -13.2286    
  8.61105      -11.4449      -13.0129    
  8.47375      -12.3725      -13.5113    
  8.39072      -13.3827      -13.4808    
  8.45266      -14.2890      -13.9220    
  8.58928      -15.2968      -13.8066    
  9.56842      -15.2850      -13.4431    
  9.60834      -14.1721      -13.6291    
  9.13143      -13.1123      -13.8941    
  8.55489      -12.2267      -14.2315    
  7.72638      -11.7077      -14.0104    
  7.28594      -11.3208      -13.1347    
  6.59257      -10.8361      -12.5803    
  6.17478      -10.1498      -11.9449    
  5.92849      -9.28251      -12.4622    
  6.55554      -8.48652      -12.8941    
  7.18651      -7.75568      -13.5082    
  7.46886      -8.16365      -14.2779    
  7.80084      -8.87917      -14.8126    
  7.10878      -9.19112      -15.4053    
  6.11774      -9.06325      -15.4782    
  5.20561      -9.37991      -15.0960    
  4.25163      -9.48145      -14.9126    
  3.37197      -9.85451      -14.5074    
  2.28766      -9.80590      -14.3827    
  1.15051      -9.64363      -13.9942    
 0.202168      -9.83648      -13.8641    
-0.127691      -10.5034      -13.1642    
-0.531471      -11.3330      -12.4903    
-0.368268      -12.0087      -11.7294    
 0.368705      -11.8165      -11.3946    
 0.720949      -12.2177      -10.4809    
 0.315287      -12.4296      -9.65980    
-0.529605      -12.5033      -9.10826    
 -1.15414      -11.9907      -9.95627    
 -1.14033      -11.4128      -10.8910    
-0.282932      -10.9166      -11.4650    
 0.544336      -10.6209      -12.2300    
 0.743496      -10.6869      -13.2594    
 0.501802      -10.9811      -14.2845    
 0.837644      -10.8347      -15.4481    
  1.28628      -9.86286      -15.4631    
  1.18989      -8.95666      -14.9485    
  1.59375      -8.22839      -14.2004    
  1.81645      -7.29543      -13.9835    
  2.02017      -6.45452      -14.2622    
  2.80062      -6.36486      -14.9141    
  3.15532      -7.18689      -15.7016    
  2.65049      -7.85264      -15.4504    
  2.24569      -8.36762      -14.6470    
  2.07530      -8.86922      -13.7696    
  2.29778      -9.40843      -12.8928    
  2.17682      -10.2633      -12.4854    
  1.80572      -11.1220      -11.8956    
  1.54365      -11.2350      -10.9803    
  1.17600      -10.8782      -10.1826    
 0.808178      -10.2023      -9.80537    
 0.496421      -9.08153      -9.84424    
 0.167554      -8.11125      -10.2693    
-0.593210      -7.30014      -10.4117    
 -1.67052      -7.49022      -10.3904    
 -2.67416      -8.05719      -10.1068    
 -3.53245      -7.58694      -9.59999    
 -4.20361      -6.65026      -9.32785    
 -4.68237      -6.00359      -10.1683    
 -4.92074      -5.55829      -10.9021    
 -5.58268      -5.31130      -11.5796    
 -6.44081      -5.63467      -11.4230    
 -6.48959      -6.91628      -11.3070    
 -6.58271      -7.65301      -11.2795    
 -7.31621      -8.20169      -11.7042    
 -8.15167      -8.15810      -11.2333    
 -8.59013      -7.69535      -10.4037    
 -8.35544      -7.12418      -9.68894    
 -7.46737      -6.73124      -9.31154    
 -6.62755      -6.50307      -9.77333    
 -5.90482      -6.31316      -10.4314    
 -5.15370      -6.59853      -11.0553    
 -4.09505      -6.77895      -11.1917    
 -3.36017      -6.41392      -10.6009    
 -2.56203      -6.52850      -10.0103    
 -2.14694      -7.29604      -9.50565    
 -1.63793      -8.23424      -9.39262    
 -1.08301      -8.80541      -9.98890    
-0.732272      -9.13234      -11.0519    
 0.461170E-01  -9.51180      -11.6840    
 0.985108      -9.49686      -12.0171    
  1.88805      -9.25921      -11.6990    
  2.76888      -9.88318      -11.4611    
  2.99763      -10.6353      -11.9912    
  3.59017      -11.0280      -12.7404    
  3.41902      -11.7130      -13.5663    
  3.66219      -11.6018      -14.7108    
  3.80047      -10.6825      -15.2157    
  2.96211      -10.5441      -15.7598    
  2.11970      -10.7052      -16.2468    
  2.01439      -11.7205      -16.6416    
  2.20485      -12.7421      -17.2962    
  2.40714      -13.8510      -17.0604    
  3.09893      -14.3977      -16.4551    
  2.85775      -15.1987      -15.6697    
  2.14553      -15.6686      -14.9230    
  1.45019      -14.9596      -14.4116    
 0.461786      -14.9979      -14.0926    
-0.539119      -15.1607      -14.3686    
 -1.63689      -15.0923      -14.0111    
 -2.62202      -15.5741      -14.3055    
 -3.59746      -15.6608      -14.1485    
